function vec = bdm_2basis_orsan(lambda, i)

%you can get the coefficients from bdm_1get_coeff_bary.m
% stable
coeffs = ...
    [-0 -0 3.5327080320384938E-16 -1.0000000000000004 3.0000000000000009 ...
   -3.0000000000000004 -0 -0 1.1775693440128314E-16 -0 -1.1775693440128314E-16 ...
   -0;
   4.2426406871192865 -4.2426406871192857 1.4142135623730949 -2.093456611578367E-16 ...
   -4.1869132231567339E-16 3.6635490702621421E-16 1 -3.0000000000000009 ...
   3.0000000000000009 0 2.4859797262493107E-16 0;
   -0 -0 3.5327080320384943E-16 -3 3.0000000000000009 -1.0000000000000004 ...
   -0 -0 1.1775693440128314E-16 -0 -1.1775693440128314E-16 -0;
   -6.0339778661252064 3.7712361663282539 -1.5084944665313016 -0.53333333333333344 ...
   -0.533333333333333 4.0888888888888886 -2.3111111111111113 5.866666666666668 ...
   -4.8000000000000016 6.0339778661252046 2.8444444444444432 9.9555555555555539 ...
   ;
   -0 -0 -1.8841109504205303E-15 8.0000000000000018 -16.000000000000004 ...
   8.0000000000000018 -0 -0 -6.2803698347351007E-16 -0 6.2803698347351007E-16 ...
   -0;
   -7.9195959492893344 11.313708498984761 -3.3941125496954285 4.8000000000000007 ...
   -3.1999999999999993 0.53333333333333233 -0.53333333333333277 3.1999999999999988 ...
   -4.7999999999999989 -9.0509667991878064 -4.2666666666666657 -4.2666666666666648 ...
   ;
   -0 -0 -0 -0 -0 -0 -3 3 -1 -0 -0 -0;
   -0 -0 -0 -0 -0 -0 -1 3 -3 -0 -0 -0;
   1.4142135623730956 -4.2426406871192857 4.2426406871192857 3.0000000000000004 ...
   -3.0000000000000009 1.0000000000000004 0 -2.3551386880256624E-16 4.7102773760513248E-16 ...
   -1.1775693440128312E-16 2.3551386880256624E-16 5.887846720064156E-17 ...
   ;
   -0 -0 -0 -0 -0 -0 8 -16 8 -0 -0 -0;
   -1.5084944665313023 3.7712361663282556 -6.0339778661252081 -4.8000000000000016 ...
   5.866666666666668 -2.3111111111111118 4.0888888888888895 -0.53333333333333433 ...
   -0.53333333333333277 -6.0339778661252037 -9.9555555555555557 -2.8444444444444441 ...
   ;
   -3.394112549695429 11.313708498984761 -7.9195959492893335 -4.8000000000000007 ...
   3.2000000000000015 -0.53333333333333388 0.53333333333333277 -3.1999999999999975 ...
   4.7999999999999963 9.0509667991878064 4.2666666666666648 4.2666666666666648 ...
   ];
%       [0 0 0 -1 3 -3 0 0 0 0 0 0;
%    4.2426406871192848 -4.2426406871192848 1.4142135623730951 0 0 0 -3 1 ...
%    -3 2.8284271247461903 -2 0;
%    0 0 0 5 -13 7 0 0 0 0 0 0;
%    -5.6568542494923806 16.970562748477139 -2.8284271247461903 -2 12 -4 ...
%    0 0 0 -2.8284271247461903 4 -2;
%    0 0 0 0 0 0 4 -4 6 -2.8284271247461903 2 0;
%    0 0 0 -8 16 -8 0 0 0 0 0 0;
%    0 0 0 0 0 0 -3 3 -1 0 0 0;
%    0 0 0 0 0 0 7 -13 5 0 0 0;
%    -4.2426406871192848 1.4142135623730951 -4.2426406871192848 -3 1 -3 0 ...
%    0 0 -2.8284271247461903 0 -2;
%    0 0 0 0 0 0 -4 12 -2 2.8284271247461903 -2 4;
%    0 0 0 0 0 0 -8 16 -8 0 0 0;
%    5.6568542494923806 -5.6568542494923806 8.48528137423857 6 -4 4 0 0 0 ...
%    2.8284271247461903 0 2];

pt1 = lambda(1);
pt2 = lambda(2);
pt3 = lambda(3);

points = [pt1, pt2, pt3, pt1*pt2, pt1*pt3, pt2*pt3];
vec = [points*coeffs(1:6, i) points*coeffs(7:12, i)];


end